Layer Name: conv2d_4
Filter Shape: (4, 4, 3, 128)
Filters:
[[[[-0.13399611, -0.01869104,  0.23532517, ...,  0.16100697,
    -0.20589887, -0.09703771],
   [-0.22834562, -0.0408541 ,  0.16170081, ...,  0.0578542 ,
    -0.01159558, -0.09525909],
   [-0.14729734, -0.00537865,  0.17621279, ...,  0.18767579,
    -0.1045867 ,  0.00277747]],

  [[-0.10252793, -0.0256743 , -0.00817528, ..., -0.12520939,
    -0.10883816, -0.10487922],
   [-0.18192744, -0.13687241, -0.06416283, ..., -0.17266811,
     0.06994346, -0.18378606],
   [-0.20555909, -0.05541899, -0.02928069, ..., -0.14237082,
    -0.08305836, -0.03043945]],

  [[-0.02590406, -0.10846954, -0.11830984, ..., -0.2343021 ,
    -0.16159716, -0.03499053],
   [-0.11303917, -0.16772875, -0.17357638, ..., -0.0867228 ,
     0.07112236, -0.04894993],
   [-0.02292264, -0.23673514, -0.13716915, ..., -0.04428122,
    -0.07670207, -0.00870036]],

  [[ 0.02233177,  0.03094706, -0.23628736, ..., -0.20896895,
    -0.10281762, -0.02454417],
   [ 0.01389441,  0.04517742, -0.17881078, ..., -0.07287647,
     0.01517258, -0.06175432],
   [ 0.03750126, -0.01526582, -0.28869402, ..., -0.13448809,
    -0.03087876,  0.00703952]]],


 [[[-0.1086574 ,  0.21379964, -0.00366706, ..., -0.36307108,
    -0.37533024, -0.02829717],
   [-0.20233154,  0.1985555 , -0.02814797, ..., -0.38927615,
    -0.1835448 , -0.07604848],
   [-0.12138112,  0.14194095, -0.07152199, ..., -0.39444652,
    -0.31566167,  0.06971312]],

  [[-0.09198584,  0.27170682, -0.14371322, ..., -0.21554194,
    -0.15767784, -0.02488922],
   [-0.15768066,  0.19415128, -0.11007483, ..., -0.2008348 ,
     0.06835312, -0.1143904 ],
   [-0.15991487,  0.167017  , -0.08722726, ..., -0.24935926,
    -0.04192954,  0.04465523]],

  [[ 0.00248554, -0.02225806, -0.07009511, ..., -0.24829252,
    -0.1669407 ,  0.02760105],
   [-0.09226216,  0.04354944, -0.01880213, ..., -0.13783999,
     0.06183935, -0.00881495],
   [ 0.01812323, -0.17245696, -0.01681186, ..., -0.23783286,
    -0.11989634,  0.1280703 ]],

  [[ 0.09316622, -0.07202185, -0.13143092, ..., -0.13477503,
     0.00243098, -0.00103594],
   [-0.00343698, -0.09214895, -0.14019342, ...,  0.03492682,
     0.04087137, -0.03148207],
   [ 0.0807863 , -0.29317063, -0.06186517, ..., -0.03692218,
     0.05808669,  0.0988625 ]]],


 [[[ 0.05300041, -0.15138051,  0.00461574, ..., -0.24669671,
    -0.14544068, -0.14220355],
   [-0.11159484, -0.18617436, -0.00818952, ..., -0.3026376 ,
    -0.09850547, -0.08612686],
   [-0.04739112, -0.27375272, -0.07865386, ..., -0.4562574 ,
    -0.11652391,  0.05616385]],

  [[ 0.03533019,  0.08305045, -0.07112437, ..., -0.11298472,
    -0.23449779, -0.06078411],
   [-0.0432437 ,  0.0910566 , -0.07038806, ..., -0.03530388,
     0.12999256, -0.12614524],
   [ 0.03883725, -0.07209628, -0.09950905, ..., -0.30342063,
    -0.1331857 ,  0.07140855]],

  [[ 0.06729938,  0.00902047, -0.23025066, ..., -0.16782553,
    -0.32536593, -0.0865681 ],
   [ 0.07670587,  0.05312454, -0.20201898, ..., -0.0059102 ,
     0.04848008, -0.17405997],
   [ 0.10267966, -0.12171196, -0.25513163, ..., -0.29071152,
    -0.3868017 , -0.02923463]],

  [[ 0.09627648, -0.3532788 ,  0.17435215, ..., -0.12872268,
    -0.08928913, -0.01095119],
   [ 0.03752981, -0.37068477,  0.17182265, ..., -0.07337174,
    -0.00223658, -0.05096425],
   [ 0.14999332, -0.40933374,  0.17837033, ..., -0.16391361,
    -0.21400177,  0.10059366]]],


 [[[ 0.08322848, -0.19587287, -0.04074701, ..., -0.18955556,
     0.25424853, -0.08363204],
   [ 0.01322634, -0.14525717, -0.04815409, ..., -0.21748187,
     0.21960038, -0.18629695],
   [ 0.0226402 , -0.23403506, -0.04292662, ..., -0.41452232,
     0.1712108 ,  0.05663565]],

  [[ 0.11726061, -0.27366424, -0.06646469, ..., -0.01505622,
    -0.5018713 , -0.10145794],
   [ 0.04063237, -0.28070813, -0.06933506, ..., -0.03068121,
    -0.2411533 , -0.14707981],
   [ 0.11428639, -0.48641187, -0.00633465, ..., -0.27164313,
    -0.3580771 ,  0.08979028]],

  [[ 0.12586935, -0.08229326,  0.21115343, ...,  0.02370271,
    -0.18903267, -0.08810848],
   [ 0.07184792, -0.06667887,  0.16594611, ...,  0.06618495,
     0.03651782, -0.13644618],
   [ 0.16571261, -0.10544146,  0.26022646, ..., -0.18923543,
    -0.04437157,  0.01825872]],

  [[ 0.11766652,  0.18638103,  0.02176477, ..., -0.01197078,
    -0.13398644, -0.04783861],
   [ 0.02381132,  0.12567995,  0.00515695, ...,  0.08079558,
     0.04188202, -0.15247908],
   [ 0.14989206,  0.20593221,  0.11231207, ..., -0.13933879,
    -0.10420933,  0.05258272]]]]

Layer Name: conv2d_5
Filter Shape: (4, 4, 128, 64)
Filters:
[[[[-1.77305751e-02, -7.10821971e-02, -1.26125604e-01, ...,
    -5.63682057e-02, -3.45512256e-02, -1.85610577e-01],
   [-2.39386000e-02, -2.13804580e-02, -3.92814726e-01, ...,
     2.40360331e-02, -2.40318459e-02, -3.55475277e-01],
   [-5.18527580e-03,  2.21926700e-02, -9.73266438e-02, ...,
    -4.93833097e-03,  3.90132051e-03, -2.87541658e-01],
   ...,
   [-4.76675853e-02,  1.79077089e-02, -7.95965642e-02, ...,
     1.69177167e-02, -4.09978032e-02, -2.14690700e-01],
   [-2.72594430e-02, -3.34583335e-02, -5.42771578e-01, ...,
    -3.39742228e-02,  1.37221273e-02, -8.15968737e-02],
   [-2.32134126e-02, -3.30251269e-03, -9.93580595e-02, ...,
    -3.99852917e-02, -1.87981725e-02,  3.65591794e-02]],

  [[-7.46688768e-02, -2.94052362e-02, -2.27985352e-01, ...,
    -1.86693631e-02, -2.30428427e-02, -2.80459970e-01],
   [-1.10160550e-02, -3.29844840e-02, -3.24469022e-02, ...,
    -1.73123498e-02,  2.81968229e-02, -3.70795250e-01],
   [ 4.64344257e-03,  1.14228008e-02, -1.04524121e-01, ...,
    -9.96966660e-03, -2.14364333e-03, -2.39919662e-01],
   ...,
   [-5.69177344e-02,  3.98100689e-02, -1.52045920e-01, ...,
    -3.10792793e-02, -4.21816558e-02, -2.01886386e-01],
   [-1.07768942e-02, -9.30538401e-03, -3.76187086e-01, ...,
     2.92791575e-02,  3.74365784e-02, -1.31782368e-01],
   [-4.11170647e-02, -3.42966467e-02,  1.71728823e-02, ...,
    -1.25947157e-02,  1.69427730e-02, -5.27288541e-02]],

  [[-2.74957698e-02, -4.15169680e-03, -7.63681680e-02, ...,
    -1.62656084e-02,  5.29592764e-03,  2.13763602e-02],
   [-3.70202214e-02, -4.97231223e-02, -3.74644510e-02, ...,
    -3.50264907e-02,  1.20076304e-03,  3.43064576e-01],
   [-1.48037840e-02, -2.42071003e-02,  6.28701672e-02, ...,
     1.17132338e-02,  8.29130504e-03,  3.73787791e-01],
   ...,
   [ 2.59265322e-02, -4.41078655e-02, -5.84964827e-02, ...,
     2.61444505e-02, -2.15456598e-02, -1.19894177e-01],
   [ 1.06792226e-02, -4.51834016e-02, -1.47227079e-01, ...,
     2.77785901e-02, -6.71755197e-03,  5.01352735e-03],
   [-5.56079345e-03,  1.59359723e-02, -1.17633305e-01, ...,
    -2.22562943e-02, -2.22221650e-02, -1.18655249e-01]],

  [[-7.01220855e-02,  1.43598523e-02, -9.64300260e-02, ...,
     3.71183977e-02, -1.72562711e-02,  1.75589725e-01],
   [-4.64689396e-02, -9.74105857e-03, -5.42309973e-03, ...,
    -4.76049893e-02, -4.63690385e-02, -2.37025712e-02],
   [-2.90910155e-02,  4.12555039e-02,  2.58290142e-01, ...,
    -1.06087551e-02, -3.33241336e-02,  2.03777328e-01],
   ...,
   [-4.89231609e-02, -3.25621367e-02, -1.12334050e-01, ...,
    -3.53552438e-02, -3.41921374e-02, -1.29335776e-01],
   [ 1.03437016e-02,  3.58130038e-03, -1.61927819e-01, ...,
     4.38389106e-04, -2.94599440e-02, -8.27897713e-02],
   [-1.07602235e-02, -2.55029574e-02, -6.05957918e-02, ...,
    -3.15891504e-02,  3.34955417e-02, -2.22364098e-01]]],


 [[[-2.33626389e-03, -5.09105846e-02, -1.52120683e-02, ...,
    -1.23318229e-02, -8.94862786e-03, -1.76745027e-01],
   [-2.46698502e-02, -6.90352032e-03, -2.41599858e-01, ...,
    -7.82361533e-03, -1.68798212e-02,  3.55411470e-02],
   [-1.22360922e-02,  3.18976380e-02, -9.77175124e-03, ...,
    -2.20149476e-02, -1.51539138e-02, -4.75846864e-02],
   ...,
   [-5.00512347e-02, -2.17249095e-02, -3.42902094e-01, ...,
     1.16719231e-02, -2.18881411e-04, -1.55484185e-01],
   [ 2.52913889e-02,  8.45553819e-03, -1.08262867e-01, ...,
     3.53364721e-02, -1.80611704e-02,  8.25068578e-02],
   [-4.19499129e-02, -1.15284035e-02,  2.86184577e-03, ...,
    -1.34397112e-02, -6.45405240e-03, -1.93986699e-01]],

  [[-8.81450027e-02,  8.67209514e-04, -2.55134702e-02, ...,
     2.56234128e-03,  4.70763026e-03, -2.28061706e-01],
   [-2.58513037e-02, -4.93566357e-02, -2.15279162e-01, ...,
    -2.86501888e-02, -3.40014361e-02,  1.93484768e-01],
   [-2.58130059e-02, -4.05282713e-02,  4.31344584e-02, ...,
    -2.70661544e-02, -3.34803127e-02,  7.62621909e-02],
   ...,
   [ 9.82881337e-03,  7.15964101e-03, -3.97551179e-01, ...,
    -7.32578104e-03,  4.11703438e-02, -1.22788548e-01],
   [ 3.29939872e-02, -5.45369973e-03, -1.80435911e-01, ...,
    -3.61257903e-02, -4.92338203e-02,  3.50101925e-02],
   [-2.95318533e-02, -2.95185428e-02,  8.41554627e-02, ...,
     1.84473228e-02, -3.07916733e-03,  9.76118371e-02]],

  [[-9.23993252e-03, -2.88125873e-02,  5.37925176e-02, ...,
     3.51531687e-03,  1.31954495e-02,  1.64647922e-01],
   [-4.44889665e-02,  3.51667739e-02,  2.70924699e-02, ...,
     1.94456186e-02,  2.43807733e-02,  1.91416860e-01],
   [-2.37096976e-02,  6.74361503e-03,  9.61958915e-02, ...,
     2.22629625e-02,  3.32875066e-02,  3.89448792e-01],
   ...,
   [-2.75093596e-03,  3.31274569e-02, -3.56701910e-01, ...,
     8.12181178e-03,  3.30038331e-02, -2.15661582e-02],
   [-9.55877081e-03, -9.79432743e-03, -2.26255164e-01, ...,
     3.49404030e-02, -2.63518281e-02,  6.69902861e-02],
   [ 8.21213936e-04,  2.05553565e-02,  1.11573590e-02, ...,
    -7.57545652e-03, -2.95528285e-02, -1.23511307e-01]],

  [[-4.55855429e-02, -5.50969562e-04,  7.65492469e-02, ...,
    -3.36949788e-02,  7.19743874e-03,  7.74573311e-02],
   [ 5.03762916e-04,  1.50757674e-02, -1.05634451e-01, ...,
    -1.35250194e-02, -2.45200712e-02,  2.08371788e-01],
   [-2.51801219e-02,  1.11064268e-02,  4.52602804e-02, ...,
     5.10395551e-03, -6.26976788e-03,  2.84293387e-02],
   ...,
   [ 9.07137990e-03, -1.85339358e-02, -2.97214061e-01, ...,
     2.49557402e-02, -4.10800800e-02,  3.94954830e-02],
   [-6.25436474e-03,  2.42344271e-02, -7.34715983e-02, ...,
    -2.43682042e-02, -4.44835871e-02,  2.30208635e-02],
   [-4.82866839e-02,  2.11006477e-02, -1.19722642e-01, ...,
     6.14746008e-03, -3.17206681e-02, -7.90841952e-02]]],


 [[[-2.52300352e-02,  3.24949138e-02,  2.31841560e-02, ...,
    -2.12024357e-02, -4.19789478e-02, -9.49352160e-02],
   [ 2.48481203e-02,  3.20491046e-02, -3.70638698e-01, ...,
    -2.22609122e-03,  1.11426380e-04, -2.43481081e-02],
   [ 7.45890802e-03, -2.28093634e-03, -2.34357920e-02, ...,
    -3.90913934e-02, -7.17567327e-03,  2.00492814e-01],
   ...,
   [ 3.09579703e-03, -3.67764309e-02, -3.31294447e-01, ...,
    -1.93046313e-02, -3.31415534e-02, -1.12799153e-01],
   [ 2.65638195e-02,  3.60308029e-02, -1.01881169e-01, ...,
    -5.21001918e-03,  2.14642081e-02, -1.24942642e-02],
   [-2.10648477e-02, -2.47599836e-03,  2.02568118e-02, ...,
    -2.14107577e-02, -2.07055230e-02, -1.09599270e-01]],

  [[-5.48374727e-02, -1.39884409e-02,  7.52662867e-02, ...,
    -3.37938368e-02,  5.29165566e-03, -5.53042851e-02],
   [-1.59441587e-02,  2.95741879e-03,  6.23955652e-02, ...,
    -3.03036012e-02,  8.88098869e-03, -9.56842303e-03],
   [-8.02840106e-03,  1.71496887e-02,  1.58931628e-01, ...,
     1.26057947e-02,  9.61831212e-03,  1.68175146e-01],
   ...,
   [ 1.61146745e-03, -1.98379550e-02, -3.06433111e-01, ...,
    -2.86376663e-02,  6.55688287e-04, -1.67043790e-01],
   [-3.55074145e-02, -2.59427796e-03,  9.85937715e-02, ...,
    -2.04185285e-02, -2.39275191e-02, -1.59240678e-01],
   [-1.73874050e-02, -8.81905574e-03,  6.41739517e-02, ...,
    -2.63877772e-02,  3.19349989e-02, -1.48756392e-02]],

  [[-3.02409250e-02,  4.24111187e-02,  2.47529112e-02, ...,
     2.62644570e-02, -1.96905229e-02,  2.44988665e-01],
   [ 1.87953829e-03,  9.20103583e-03,  6.15419960e-03, ...,
    -4.83082198e-02,  3.43919545e-02, -1.54332265e-01],
   [ 3.78643274e-02, -6.91997027e-03,  1.50940344e-01, ...,
    -3.20894346e-02, -2.24747080e-02, -3.92516740e-02],
   ...,
   [ 3.75144929e-02,  4.45620250e-03, -2.61243641e-01, ...,
    -2.50674058e-02, -3.66756506e-02, -3.56475860e-01],
   [-2.34726146e-02, -2.50671171e-02, -3.65191787e-01, ...,
     2.01806799e-02, -2.58378200e-02, -8.31466750e-04],
   [ 2.26682629e-02,  2.71801353e-02,  5.45297414e-02, ...,
     1.76333636e-02, -3.56234051e-02,  7.85872489e-02]],

  [[ 4.45640534e-02, -3.94501872e-02,  6.99339584e-02, ...,
    -1.00699700e-02, -3.95270325e-02, -7.06258789e-02],
   [-1.93952359e-02,  1.67015940e-02,  1.97434071e-02, ...,
    -5.03487773e-02,  2.16501318e-02, -3.27317923e-01],
   [ 1.59210972e-02,  4.71678050e-03,  3.52630951e-02, ...,
    -2.60564052e-02, -9.60796373e-04, -1.22561797e-01],
   ...,
   [-3.30881635e-03,  1.15144113e-02, -2.69239485e-01, ...,
    -3.13909017e-02,  3.71093303e-02,  4.65343706e-02],
   [-2.31560301e-02, -3.01893670e-02, -1.78248078e-01, ...,
    -3.26778404e-02, -3.94826792e-02, -1.94559544e-01],
   [-3.35057527e-02,  3.91343050e-03,  8.40681866e-02, ...,
     7.50331068e-03,  5.83982514e-03, -1.46205053e-01]]],


 [[[-6.36903569e-02,  2.97969319e-02, -3.78850512e-02, ...,
    -2.89361086e-02,  2.41924915e-02,  7.86586553e-02],
   [ 2.82924436e-02, -1.88610293e-02,  3.91532987e-01, ...,
     1.84401087e-02,  3.03376988e-02,  4.83465381e-02],
   [-7.18543259e-03, -4.03566435e-02, -4.18054797e-02, ...,
     2.64061224e-02, -1.55953865e-03,  8.58185291e-02],
   ...,
   [-1.77621972e-02,  2.73161251e-02, -3.46338063e-01, ...,
     3.31100971e-02,  2.79672276e-02, -5.59486859e-02],
   [-1.13601815e-02, -2.49632765e-02,  3.09591204e-01, ...,
     3.61840948e-02,  2.19416991e-03,  2.80918062e-01],
   [ 1.18433638e-02, -1.22032024e-03, -7.32693747e-02, ...,
    -2.44756741e-03,  3.28628272e-02, -1.65174782e-01]],

  [[-3.85798141e-02, -4.40735184e-02,  2.32716417e-03, ...,
    -1.80224739e-02,  6.47755386e-03,  2.12341234e-01],
   [-4.64478880e-02, -4.95493598e-02,  1.29845336e-01, ...,
     3.44877616e-02,  2.79174037e-02, -5.69943748e-02],
   [-1.27310501e-02,  6.94474671e-03,  3.06575269e-01, ...,
    -2.10446212e-02,  1.47672824e-03,  2.76878178e-01],
   ...,
   [ 8.34427588e-03, -2.52130274e-02, -3.42407048e-01, ...,
     2.55040191e-02,  2.09344942e-02, -1.29606247e-01],
   [-1.06746843e-02,  2.60474335e-04, -5.89207411e-02, ...,
    -3.56727690e-02, -8.23750719e-03,  8.89727250e-02],
   [-4.10622135e-02,  1.67619474e-02, -6.38784021e-02, ...,
     2.75683943e-02, -4.01506610e-02,  9.53009352e-02]],

  [[-3.68594378e-02, -1.34307668e-02, -7.20328391e-02, ...,
    -4.62584058e-03, -4.22263145e-02,  1.28786236e-01],
   [ 1.84309818e-02, -5.01653887e-02,  8.27534869e-02, ...,
    -3.47716622e-02,  1.06210820e-02, -2.31221408e-01],
   [ 1.36970188e-02, -3.81538160e-02, -7.82760456e-02, ...,
    -1.65964849e-02, -1.31311230e-02, -2.41892040e-01],
   ...,
   [ 5.51674096e-03,  3.06747593e-02, -2.37711802e-01, ...,
     1.53613472e-02, -2.73585841e-02, -2.71100700e-01],
   [-3.77870016e-02, -1.75010227e-02,  1.04790665e-01, ...,
     2.70366706e-02,  2.04518512e-02, -2.40975469e-01],
   [-4.02205884e-02,  3.70694585e-02,  2.70284023e-02, ...,
     1.35532180e-02,  3.42507637e-03, -2.13807654e-02]],

  [[ 6.10287208e-03,  1.48620289e-02, -1.70173407e-01, ...,
    -4.50953692e-02, -3.44737247e-02, -1.07436620e-01],
   [-1.46959089e-02,  3.09310183e-02,  2.54967868e-01, ...,
    -4.60170731e-02,  2.55892631e-02, -2.88151294e-01],
   [ 3.49320062e-02, -1.60147958e-02, -6.84506744e-02, ...,
    -4.66430150e-02,  2.91616153e-02, -9.34738666e-02],
   ...,
   [ 1.82976481e-02, -2.36416981e-02, -3.07948351e-01, ...,
     1.58632360e-02,  4.85070888e-03, -2.55374968e-01],
   [ 7.09777884e-03,  1.90427136e-02, -2.39443332e-01, ...,
     2.30930839e-02,  9.94611066e-03, -4.25733887e-02],
   [-2.85968650e-02, -2.32667439e-02,  7.72720128e-02, ...,
     6.18480239e-03,  1.14810811e-02, -1.49723127e-01]]]]

Layer Name: conv2d_6
Filter Shape: (4, 4, 64, 32)
Filters:
[[[[-1.41251162e-02, -3.27160917e-02, -4.84828983e-04, ...,
     2.43617385e-03,  2.31040712e-03,  5.05349636e-02],
   [-5.28243892e-02,  8.23271275e-03,  1.84187852e-02, ...,
    -7.42247934e-03, -1.32901166e-02, -8.66457354e-03],
   [-1.77715980e-02, -1.97870314e-01, -1.02387808e-01, ...,
    -3.12247306e-01,  5.86039945e-02,  3.38944256e-01],
   ...,
   [ 5.89256082e-03, -2.88417712e-02,  2.87916902e-02, ...,
    -3.65512855e-02,  2.16041785e-03, -3.78937609e-02],
   [ 5.11726327e-02,  2.72145364e-02,  3.46308798e-02, ...,
     5.01190359e-03, -3.81640857e-03, -6.52667880e-02],
   [-5.00630960e-02, -3.33640687e-02,  1.04060851e-01, ...,
     3.48318517e-02,  5.37424274e-02, -9.22592878e-02]],

  [[ 5.82557283e-02,  1.72816943e-02,  5.11078350e-02, ...,
    -4.69761752e-02,  3.10537554e-02,  2.36264784e-02],
   [ 7.40760984e-03,  2.26105545e-02,  1.89996436e-02, ...,
    -3.65133360e-02,  3.66687849e-02, -3.92115973e-02],
   [-1.15541117e-02, -1.60147473e-01,  4.75497618e-02, ...,
     4.44304906e-02, -1.65567309e-01, -2.84105152e-01],
   ...,
   [-1.58847775e-02,  1.42096030e-02, -4.33916114e-02, ...,
     4.78874296e-02,  5.26960418e-02, -2.56251800e-03],
   [ 3.25345099e-02,  1.13546392e-02, -4.70722690e-02, ...,
    -5.15434034e-02, -4.80723344e-02,  3.22585516e-02],
   [-7.81991929e-02,  8.71721283e-02, -1.28666414e-02, ...,
     1.25600845e-02,  1.10106207e-01, -2.03959852e-01]],

  [[-4.04617116e-02, -2.68327966e-02,  5.10186143e-02, ...,
     1.88698936e-02,  3.57932001e-02, -2.51341797e-02],
   [ 3.14529054e-02,  3.25507671e-02, -6.83479980e-02, ...,
    -3.25136520e-02,  2.73301415e-02, -3.67182270e-02],
   [-2.26422865e-02, -2.93724328e-01, -2.66933870e-02, ...,
     1.26757368e-01, -2.48228118e-01,  1.39885306e-01],
   ...,
   [-1.06975986e-02, -1.75290164e-02,  5.47574386e-02, ...,
    -7.15411678e-02, -2.58636493e-02,  5.07926941e-02],
   [ 3.96569632e-02,  3.33650559e-02, -4.22943430e-03, ...,
    -4.71510813e-02,  1.54594667e-02,  7.49733346e-03],
   [-6.21897653e-02, -2.81391025e-01, -1.39394060e-01, ...,
     3.50570083e-02, -3.41700613e-02, -3.79248351e-01]],

  [[-1.71534214e-02, -4.15067375e-02,  2.21486222e-02, ...,
     2.56102160e-02,  2.94574667e-02, -3.82227674e-02],
   [ 3.56329568e-02,  4.66738418e-02,  4.67997678e-02, ...,
    -9.23907757e-03,  5.84958494e-02,  2.48461086e-02],
   [-6.12497814e-02, -1.49951577e-01, -7.86602348e-02, ...,
     1.98418230e-01, -6.77421987e-02, -1.87127531e-01],
   ...,
   [ 5.67641594e-02,  4.75918502e-02, -6.47147372e-02, ...,
    -2.57648956e-02,  2.38983575e-02,  2.88007427e-02],
   [ 5.81507273e-02, -2.64886254e-03,  5.53972498e-02, ...,
     6.09934404e-02,  1.21405181e-02, -3.24885797e-04],
   [ 4.35210615e-02,  4.82560664e-01, -1.30328238e-01, ...,
    -4.35597539e-01, -6.79534301e-02, -1.72726125e-01]]],


 [[[ 2.37640887e-02, -2.92315539e-02,  8.15740228e-02, ...,
     7.30298907e-02,  2.48630643e-02, -2.47017182e-02],
   [-4.44168560e-02,  1.76147874e-02, -2.98083965e-02, ...,
     5.98927997e-02,  4.57498571e-03,  5.77733070e-02],
   [-5.79098947e-02, -8.54083821e-02, -1.50939645e-02, ...,
     4.96426001e-02,  2.19363853e-01, -1.72673106e-01],
   ...,
   [ 2.28163656e-02,  5.36705479e-02, -3.06367222e-02, ...,
    -2.00539697e-02,  5.23441136e-02,  1.13422750e-02],
   [-1.05313575e-02,  3.17155197e-02,  1.34932110e-02, ...,
     5.51598631e-02,  4.28865990e-03,  4.09368146e-03],
   [ 8.72463211e-02,  1.99476883e-01,  1.80650100e-01, ...,
     1.97461009e-01, -1.04147606e-01, -1.22673668e-01]],

  [[ 1.80029571e-02,  3.41379344e-02, -8.41612741e-02, ...,
    -9.04973671e-02,  5.19939587e-02, -3.04438230e-02],
   [ 3.38689797e-02, -6.58845305e-02,  2.47914027e-02, ...,
    -2.46683564e-02,  2.49684439e-03,  5.42171374e-02],
   [ 6.04911102e-03, -3.54735460e-03, -1.88218012e-01, ...,
     7.83847496e-02, -1.12076968e-01,  1.49790853e-01],
   ...,
   [ 5.39476387e-02, -5.56787588e-02,  6.25638515e-02, ...,
    -3.55699360e-02, -3.65993045e-02,  5.82038471e-03],
   [-4.77050841e-02,  1.42249931e-02, -4.56502028e-02, ...,
     4.74792384e-02, -4.03182767e-02,  5.45307882e-02],
   [-5.90641797e-03, -7.99390450e-02, -1.09665126e-01, ...,
     8.51591155e-02,  7.58854374e-02, -2.73372203e-01]],

  [[-1.94293689e-02, -6.96653947e-02, -3.70570533e-02, ...,
    -5.02036102e-02,  7.54751116e-02,  4.69994470e-02],
   [-1.30419992e-02, -3.96853387e-02, -7.74030089e-02, ...,
     6.06578439e-02,  1.71468444e-02,  2.43445998e-03],
   [ 5.60559286e-03, -1.52915463e-01, -3.60101819e-01, ...,
    -1.32420033e-01, -1.91048190e-01,  1.87142074e-01],
   ...,
   [-2.52975095e-02,  4.78053987e-02, -6.38357969e-03, ...,
     5.94445085e-03,  2.20581014e-02,  6.61121728e-03],
   [-1.56119680e-02,  3.06808390e-02,  4.02767863e-03, ...,
    -4.91494350e-02, -5.69111481e-02, -2.21635401e-02],
   [-4.80710194e-02,  1.39261305e-01,  4.12896159e-04, ...,
     7.95035213e-02, -9.15703997e-02, -1.15642510e-01]],

  [[-4.34889756e-02,  7.87389725e-02, -3.30363624e-02, ...,
    -2.58957930e-02, -4.51523550e-02,  4.76093963e-04],
   [ 3.01018386e-04, -5.67814223e-02,  5.15980870e-02, ...,
     5.76087609e-02,  3.37736495e-02,  4.66758423e-02],
   [ 1.72925778e-02,  7.15560615e-02,  6.68506250e-02, ...,
     4.78884988e-02, -6.10506497e-02, -6.13160757e-03],
   ...,
   [-1.16945645e-02,  5.70145026e-02,  4.05487157e-02, ...,
     2.87894849e-02, -5.33334203e-02,  1.30117694e-02],
   [ 1.97392739e-02, -1.74922366e-02,  5.44431321e-02, ...,
     5.90410791e-02, -4.86192387e-03, -4.75513637e-02],
   [-8.01616833e-02,  7.41256028e-02, -2.02482808e-02, ...,
    -2.21718654e-01, -1.84724405e-01, -1.61322113e-02]]],


 [[[ 9.70453583e-03, -1.36816492e-02,  3.18353735e-02, ...,
     4.84610498e-02, -2.62628403e-02, -3.18744332e-02],
   [ 5.34093454e-02,  1.22804455e-02,  2.10427977e-02, ...,
    -4.84219342e-02, -2.11677272e-02,  6.54873997e-02],
   [ 1.18224710e-01,  8.04281309e-02, -2.21303731e-01, ...,
     9.65970680e-02,  1.03558123e-01,  4.68889810e-02],
   ...,
   [-3.61287631e-02, -2.59987973e-02, -3.90112251e-02, ...,
    -5.05329259e-02,  2.56080944e-02,  1.82678516e-03],
   [-5.90949394e-02,  4.43527997e-02, -3.29642482e-02, ...,
     1.37417540e-02, -4.65843305e-02,  4.43216637e-02],
   [-3.55137736e-02, -1.31550759e-01,  1.59563079e-01, ...,
     2.59880781e-01, -2.04679266e-01, -1.60520151e-01]],

  [[-5.26057594e-02, -2.71458011e-02, -2.77520400e-02, ...,
    -1.33396853e-02,  2.52650902e-02,  1.65800825e-02],
   [-2.63954159e-02,  1.46771539e-02, -4.48643789e-02, ...,
     6.57019541e-02, -6.55945390e-02, -2.03988422e-02],
   [ 3.81745435e-02,  1.81266919e-01, -1.36695951e-01, ...,
     5.54542951e-02, -3.94555964e-02, -1.36706486e-01],
   ...,
   [-3.30524668e-02,  6.65884763e-02,  4.56165001e-02, ...,
    -5.01851328e-02, -4.80777845e-02, -2.67675910e-02],
   [ 7.59042939e-03, -1.96810998e-02, -3.06343585e-02, ...,
    -3.70409787e-02,  5.12614697e-02,  5.84316216e-02],
   [ 5.09134531e-02,  1.13219872e-01,  1.42109320e-01, ...,
    -4.99318121e-03,  1.60569791e-02, -2.60045618e-01]],

  [[-2.21814252e-02,  1.79816559e-02,  1.38946446e-02, ...,
     2.66983057e-03,  6.28376603e-02, -3.40143830e-04],
   [-3.54144140e-04, -2.31890120e-02, -6.23707213e-02, ...,
    -5.25535084e-02,  3.06269247e-02, -5.28788865e-02],
   [-2.11458839e-02, -1.47882514e-02,  3.07980403e-02, ...,
     1.60882190e-01, -8.79540965e-02, -1.81268930e-01],
   ...,
   [ 1.68559607e-02, -3.42490785e-02,  1.07286358e-02, ...,
     3.26997833e-04,  3.25526744e-02,  5.52340448e-02],
   [ 2.28497293e-02, -1.95895154e-02, -2.45257523e-02, ...,
     3.16036306e-03,  4.87790741e-02,  6.47510285e-04],
   [ 5.28025962e-02,  3.27713966e-01,  1.45574704e-01, ...,
    -2.46096686e-01,  1.02235682e-01, -7.36166060e-01]],

  [[-1.80085574e-03,  6.63632527e-02,  2.63359901e-02, ...,
    -2.52500121e-02,  7.25221261e-02, -5.84865250e-02],
   [-6.01343960e-02, -1.47628924e-02,  6.51439950e-02, ...,
    -3.80298756e-02, -3.25346738e-02, -3.59317213e-02],
   [-1.12479098e-01, -4.41692136e-02, -7.24282637e-02, ...,
     2.28887618e-01, -4.36220393e-02, -2.50835657e-01],
   ...,
   [ 2.77019925e-02, -3.44876908e-02, -2.42315941e-02, ...,
    -3.74487378e-02, -2.52951458e-02,  4.62083332e-02],
   [-3.23620923e-02, -5.48680052e-02,  1.50665231e-02, ...,
     4.23114412e-02, -2.47648843e-02,  2.61106417e-02],
   [-5.32470457e-02,  5.87352216e-02,  5.36495745e-02, ...,
    -2.35171646e-01,  6.34027645e-02, -3.04433214e-03]]],


 [[[ 5.43674007e-02,  8.87930021e-03,  5.31211821e-03, ...,
    -4.92453314e-02,  7.08939275e-03, -4.34120633e-02],
   [ 1.01815388e-02, -1.27708670e-02,  4.87490594e-02, ...,
    -4.71841805e-02,  5.16817346e-02,  1.96625907e-02],
   [-7.43789896e-02, -2.82561723e-02,  6.71834573e-02, ...,
     2.18032211e-01, -1.83880225e-01,  2.62715407e-02],
   ...,
   [-4.41437727e-03, -2.38820948e-02,  4.19896618e-02, ...,
     4.89220917e-02, -4.27587405e-02, -8.34625773e-03],
   [-1.48453200e-02, -1.51589634e-02,  5.40292747e-02, ...,
    -3.96937542e-02,  4.01041843e-02,  6.22632802e-02],
   [-1.47006102e-02,  1.75802886e-01, -3.91007476e-02, ...,
     2.22323686e-01,  3.43775116e-02, -7.83317462e-02]],

  [[ 9.35860164e-03,  2.00013500e-02, -6.85670376e-02, ...,
     2.94342674e-02,  2.28285920e-02,  2.58436091e-02],
   [ 2.27117874e-02,  3.60544771e-02,  5.77470139e-02, ...,
    -1.52014978e-02, -1.18682859e-02,  6.14723675e-02],
   [ 1.12929065e-02,  2.06150681e-01,  4.98507060e-02, ...,
    -3.71235907e-02, -1.57182693e-01, -7.49199837e-02],
   ...,
   [ 2.08135899e-02,  4.09897231e-02,  2.52304436e-03, ...,
     1.03800194e-02,  3.16571966e-02, -6.11023642e-02],
   [-4.61164080e-02,  1.20679513e-02,  5.06217442e-02, ...,
     1.52082322e-02,  2.66176499e-02,  1.60231497e-02],
   [ 2.78553423e-02,  1.68843251e-02, -1.86867639e-01, ...,
     5.84348254e-02,  1.40433028e-01, -3.76412421e-01]],

  [[ 5.40539697e-02, -1.48276249e-02,  1.74277741e-02, ...,
    -5.63468318e-03,  3.85564789e-02, -5.94446920e-02],
   [ 7.13333488e-03,  5.68560436e-02,  3.76708666e-03, ...,
    -3.78334546e-03,  9.13539622e-03,  6.72978610e-02],
   [-3.52033973e-02,  9.77465734e-02,  3.30186278e-01, ...,
    -1.42074659e-01, -7.59111196e-02, -9.21336338e-02],
   ...,
   [ 3.80316414e-02, -4.61314954e-02,  7.56602408e-03, ...,
    -5.88561185e-02,  1.08055808e-02,  4.01382670e-02],
   [-1.20795993e-02, -4.34428407e-03,  3.87609713e-02, ...,
    -2.22570263e-02, -4.35118712e-02, -1.82823837e-03],
   [-6.77730248e-04, -8.83236006e-02,  9.97120067e-02, ...,
    -7.82651901e-02,  3.75038773e-01, -4.39726591e-01]],

  [[ 1.62956342e-02,  5.17548993e-02,  7.01825842e-02, ...,
     5.67801036e-02, -1.25946840e-02, -1.85239390e-02],
   [-4.03858274e-02,  1.84136368e-02, -7.18079060e-02, ...,
    -3.31560448e-02, -5.60504720e-02,  5.64575382e-02],
   [-5.40105887e-02, -8.71306285e-02,  1.94934249e-01, ...,
    -9.92498472e-02, -6.62025511e-02, -2.90929705e-01],
   ...,
   [-2.59438641e-02, -4.37664576e-02, -1.06452601e-02, ...,
     5.72982058e-02,  5.02336696e-02,  6.58856407e-02],
   [ 2.94216573e-02, -4.17613005e-03,  1.36679662e-02, ...,
     3.76508832e-02,  7.95931555e-03,  4.66837734e-02],
   [-9.95456055e-02, -3.81814659e-01, -1.38283908e-01, ...,
     1.20801821e-01, -9.05103087e-02, -1.67331919e-01]]]]

Layer Name: conv2d_7
Filter Shape: (4, 4, 32, 16)
Filters:
[[[[ 7.01427385e-02,  9.97992456e-02,  6.03136681e-02, ...,
     8.01307485e-02, -4.99490164e-02, -1.39020132e-02],
   [-2.83744067e-01,  1.87075049e-01, -1.03027575e-01, ...,
     4.31850366e-02, -2.88130399e-02, -1.05453670e-01],
   [ 5.45769148e-02, -1.51061760e-02,  7.60459248e-03, ...,
    -1.17337413e-01, -5.60732149e-02,  2.24192575e-01],
   ...,
   [-5.40989637e-02, -9.78482738e-02,  3.61725181e-01, ...,
    -3.42536569e-01,  3.82085368e-02,  1.79502904e-01],
   [-1.25806570e-01, -5.01840413e-02, -2.15013117e-01, ...,
     1.69908017e-01, -5.63188642e-02,  9.64941904e-02],
   [ 4.12201792e-01, -1.03371583e-01,  1.40974566e-01, ...,
     6.33175373e-02,  1.40030710e-02,  7.28000794e-03]],

  [[-4.62524369e-02, -6.53532371e-02,  5.32485871e-03, ...,
     1.57589968e-02,  6.77296668e-02,  7.95305427e-03],
   [ 1.24265611e-01, -2.39752367e-01, -1.05262540e-01, ...,
    -1.34823859e-01, -1.33864712e-02, -1.30388424e-01],
   [ 2.29811016e-03,  2.64494270e-01, -2.10624188e-01, ...,
    -2.28808403e-01,  1.00140296e-01,  8.83659944e-02],
   ...,
   [ 1.68443948e-01,  1.38591543e-01,  1.05183505e-01, ...,
    -6.08650520e-02,  5.38247637e-02,  1.71130151e-02],
   [ 1.39614344e-01,  5.45362979e-02, -2.29180306e-02, ...,
    -5.27647771e-02, -7.63860643e-02, -2.08336040e-02],
   [-3.28030996e-02,  2.27809120e-02, -6.49268106e-02, ...,
    -5.00069559e-02,  6.74061477e-02, -2.56335825e-01]],

  [[-2.97537018e-02,  2.36460082e-02,  1.59321900e-03, ...,
     6.94162622e-02, -1.01968329e-02, -4.38446626e-02],
   [ 2.14456663e-01,  3.59138213e-02, -1.47017270e-01, ...,
    -3.88082385e-01,  3.38409171e-02, -2.88660475e-03],
   [-1.79952886e-02, -1.95214376e-01, -1.81139782e-02, ...,
    -1.30981132e-01,  3.11789922e-02, -1.35906590e-02],
   ...,
   [ 5.47104776e-02,  1.47688940e-01,  1.71445608e-01, ...,
    -4.52363193e-02, -9.05994140e-03,  9.60847735e-02],
   [ 2.23064691e-01,  1.53238192e-01, -2.62672212e-02, ...,
    -1.36605158e-01, -1.12857342e-01,  8.64406601e-02],
   [-2.13245243e-01,  1.22025631e-01, -1.76182613e-01, ...,
     5.36944196e-02,  7.19605340e-03, -3.18814754e-01]],

  [[-3.10175773e-02, -2.85049528e-02, -3.29995248e-03, ...,
     1.00207292e-02, -4.32193056e-02,  2.26377361e-02],
   [ 3.62733267e-02,  2.50842243e-01, -4.42144364e-01, ...,
    -2.00025290e-02,  3.31188701e-02, -1.06861554e-02],
   [-3.39725763e-01, -3.24863583e-01,  4.69592437e-02, ...,
     1.24981403e-01, -2.98778880e-02, -5.28899720e-04],
   ...,
   [ 3.43098566e-02, -1.12767600e-01,  1.24062769e-01, ...,
     1.25188708e-01, -7.94163272e-02, -2.04708263e-01],
   [ 4.19839025e-01, -3.01029030e-02, -1.97900221e-01, ...,
     1.29287273e-01, -5.04716225e-02, -2.60170046e-02],
   [-1.94119006e-01, -3.07708830e-01,  1.79758608e-01, ...,
    -2.80661166e-01, -2.09038910e-02,  2.34319881e-01]]],


 [[[-1.54127078e-02,  6.05165884e-02, -8.39046314e-02, ...,
     4.57922136e-03, -2.43172459e-02,  9.36690196e-02],
   [-5.62707372e-02, -2.42760360e-01, -3.77168171e-02, ...,
    -3.52663755e-01, -1.46235615e-01, -2.20296457e-01],
   [ 2.05742925e-01,  4.62233052e-02, -3.01265240e-01, ...,
    -1.27968803e-01, -7.48876482e-02, -1.68116793e-01],
   ...,
   [-1.45358771e-01, -7.69557357e-02, -2.08173711e-02, ...,
     8.26752856e-02,  1.28869712e-02,  2.39068153e-03],
   [-1.15663551e-01,  1.21610485e-01, -1.92556486e-01, ...,
     5.21507896e-02,  3.55870998e-03,  6.18905276e-02],
   [-1.14845864e-01,  6.34909421e-02,  2.18216196e-01, ...,
     2.74855316e-01,  4.68768589e-02, -4.05018255e-02]],

  [[-8.33968446e-02, -3.20660993e-02, -8.20164084e-02, ...,
     5.21670282e-02, -6.81047663e-02, -1.03623070e-01],
   [-4.12639320e-01, -1.65216401e-01, -2.20870644e-01, ...,
    -4.25924271e-01, -4.54867594e-02,  1.37219518e-01],
   [ 8.81468877e-03, -1.30011261e-01, -1.99499369e-01, ...,
    -2.26850063e-01,  1.50457220e-02, -9.14486200e-02],
   ...,
   [ 6.33211955e-02,  2.18048647e-01, -6.34356588e-02, ...,
    -7.86617398e-02, -1.87115278e-02,  5.70500419e-02],
   [-2.24498481e-01,  7.58937672e-02,  8.73974636e-02, ...,
     9.05665848e-03, -8.70398208e-02,  3.97021249e-02],
   [-1.10589741e-02,  8.80147666e-02, -5.63225329e-01, ...,
     3.37375760e-01,  4.09855656e-02,  2.68219501e-01]],

  [[ 9.31197107e-02,  1.36518665e-02,  6.43553287e-02, ...,
     1.90836545e-02,  5.32403477e-02,  2.78159976e-02],
   [-3.61176550e-01, -6.41910583e-02, -1.98657006e-01, ...,
    -2.39115134e-01, -7.56618604e-02,  1.53112449e-02],
   [-2.41093144e-01, -3.13112676e-01,  7.11174086e-02, ...,
    -2.08852947e-01,  1.65583212e-02, -1.70642480e-01],
   ...,
   [ 1.42261637e-02,  8.75543058e-02, -7.72376731e-02, ...,
     1.03401251e-01,  1.91118959e-02, -1.56543404e-01],
   [-3.17480564e-01,  1.48364991e-01, -1.55151933e-01, ...,
    -2.11983323e-01, -2.27443967e-02,  7.76195154e-02],
   [-6.21830523e-02, -2.06556991e-01, -3.48795563e-01, ...,
    -2.26362079e-01, -5.44062816e-02,  2.81549811e-01]],

  [[-1.53817851e-02, -9.95598584e-02,  1.67445447e-02, ...,
     7.14360178e-02,  2.09299661e-02,  3.77770327e-02],
   [-1.83747098e-01, -2.83024997e-01, -1.79184690e-01, ...,
    -8.81367475e-02, -6.07076064e-02, -1.27611056e-01],
   [-2.76443809e-01, -1.34745523e-01,  6.93236738e-02, ...,
     7.88088236e-03,  4.24513929e-02, -1.48996174e-01],
   ...,
   [ 1.29355192e-01,  1.79061726e-01,  1.56648576e-01, ...,
     9.14703775e-03, -7.13088363e-02,  3.22304852e-02],
   [ 6.96355402e-02, -1.22903794e-01,  3.82584743e-02, ...,
     1.64404675e-01,  2.96625271e-02, -2.29133755e-01],
   [ 3.11426558e-02, -2.51365602e-01,  1.96451858e-01, ...,
    -1.92798004e-01,  2.73337751e-03,  3.20228538e-03]]],


 [[[-2.46342481e-03,  2.58568972e-02,  8.65432322e-02, ...,
     7.29421079e-02,  2.68660532e-03, -3.44030820e-02],
   [ 5.79608008e-02,  9.16755795e-02, -5.41629434e-01, ...,
    -1.25276312e-01, -3.76598984e-02, -1.01836495e-01],
   [-1.60513297e-01,  3.02947521e-01, -2.06949472e-01, ...,
     4.93650101e-02, -2.80794464e-02, -3.54648530e-01],
   ...,
   [-2.15027928e-01,  1.01667807e-01,  4.83020060e-02, ...,
    -2.05070063e-01, -1.00495599e-01,  8.93396959e-02],
   [-1.10992722e-01,  1.30596399e-01, -9.65753943e-02, ...,
     1.24798015e-01, -8.07540864e-02,  1.54392391e-01],
   [ 1.04832433e-01, -3.63349281e-02, -3.82861681e-02, ...,
    -2.84915358e-01, -9.61832848e-05, -4.38242033e-02]],

  [[ 1.64677948e-02,  3.79858054e-02,  9.29181129e-02, ...,
     8.78578275e-02, -2.58626640e-02,  1.49581462e-01],
   [ 6.66852221e-02,  2.43651737e-02, -6.44059598e-01, ...,
     1.29587963e-01, -5.14226630e-02, -2.71702018e-02],
   [-2.74011672e-01,  3.36623937e-01,  1.60604015e-01, ...,
     2.02618577e-02,  3.33967176e-03, -1.75085701e-02],
   ...,
   [-6.22875355e-02,  2.87564471e-02, -2.96074212e-01, ...,
     1.30546493e-02, -6.30245805e-02, -1.82697922e-01],
   [ 6.57991841e-02, -4.92275599e-03, -2.37467036e-01, ...,
    -8.62775370e-02, -6.02721237e-02, -2.65540808e-01],
   [ 2.07077697e-01, -9.64578465e-02, -5.34545422e-01, ...,
    -2.90405173e-02,  2.60037091e-02,  1.29382938e-01]],

  [[ 4.28350270e-02, -1.29528269e-02,  3.30039524e-02, ...,
    -2.21617725e-02, -7.26792738e-02,  2.18003262e-02],
   [-9.32878479e-02, -2.82931817e-03, -5.70516646e-01, ...,
    -2.70164281e-01, -7.51692727e-02,  1.32002253e-02],
   [ 1.26948014e-01,  7.45006055e-02,  2.61226773e-01, ...,
    -1.35297745e-01, -8.35212171e-02,  7.73678720e-02],
   ...,
   [-1.62995234e-01,  1.44603010e-03, -9.46617723e-02, ...,
     1.88403623e-03, -3.25330682e-02,  5.44314319e-03],
   [-9.77526754e-02,  1.58128381e-01, -1.69758245e-01, ...,
     9.21122730e-02, -1.05791584e-01, -2.50794679e-01],
   [-2.87375040e-02,  3.01976129e-02,  5.34428395e-02, ...,
    -3.10493149e-02, -4.43727849e-03,  9.48746130e-02]],

  [[-3.63161862e-02,  3.49219777e-02,  1.68134011e-02, ...,
     4.09848336e-03, -3.70519012e-02,  1.42470986e-01],
   [-2.83594728e-01, -1.19445316e-01, -1.34473234e-01, ...,
    -6.99381679e-02, -4.07595709e-02, -2.37011979e-03],
   [-7.91835487e-02, -3.13227415e-01,  8.23365971e-02, ...,
     2.41162698e-03, -4.71757464e-02,  1.43890887e-01],
   ...,
   [-3.20545435e-02,  7.90874287e-02,  2.48786107e-01, ...,
     3.92187238e-02, -1.50815183e-02, -1.34415114e-02],
   [-1.96244329e-01,  1.76697582e-01,  1.85743973e-01, ...,
     2.74847504e-02, -6.93596676e-02,  2.66681071e-02],
   [-1.02915406e-01,  2.33823787e-02, -1.26312837e-01, ...,
     3.20093364e-01,  7.33898506e-02, -2.39361137e-01]]],


 [[[ 8.13851133e-02,  5.21308230e-03,  7.24791139e-02, ...,
    -2.08877828e-02, -5.13564609e-02,  7.55187050e-02],
   [ 1.51152655e-01, -4.50097024e-02, -1.44389376e-01, ...,
     1.41407713e-01,  7.25097954e-02, -4.35943395e-01],
   [-3.11158359e-01, -7.75656030e-02, -4.94534492e-01, ...,
     2.14445032e-02, -3.37493755e-02, -5.60264476e-02],
   ...,
   [-2.71484584e-01,  3.46325636e-02, -6.00735955e-02, ...,
     2.91667273e-03, -5.68470694e-02,  1.07580148e-01],
   [-2.78564125e-01, -1.21602029e-01, -2.67583340e-01, ...,
     1.58913061e-01, -4.18310016e-02, -1.93663314e-01],
   [ 3.44432853e-02, -1.14927091e-01,  1.98635370e-01, ...,
     1.84307516e-01,  7.11409822e-02,  4.66625132e-02]],

  [[ 2.71323323e-02, -3.26510519e-02,  3.15628126e-02, ...,
     4.46182908e-03,  7.57680684e-02,  7.89008662e-03],
   [ 1.39257967e-01, -1.26852721e-01, -1.25096396e-01, ...,
    -1.84641201e-02,  1.25233131e-02,  1.69686273e-01],
   [-5.21447361e-02, -1.17947653e-01, -9.51600224e-02, ...,
    -7.82661960e-02, -9.74947810e-02, -5.23198619e-02],
   ...,
   [-2.25137398e-01,  4.16276678e-02, -1.62156045e-01, ...,
    -1.83773264e-02,  5.99572845e-02, -2.55222052e-01],
   [ 9.44082662e-02, -2.39463355e-02, -3.90738696e-01, ...,
     9.88040119e-02, -4.19585919e-03, -2.39198625e-01],
   [ 1.41038328e-01,  1.52424157e-01, -9.42458573e-04, ...,
    -1.80620514e-02, -7.32918382e-02, -1.13562368e-01]],

  [[ 4.83883359e-02,  8.73267651e-02, -8.41001272e-02, ...,
    -1.23248156e-02,  4.30295952e-02, -3.83590087e-02],
   [-1.91321447e-02, -3.86583842e-02, -1.51813924e-01, ...,
     3.37377638e-02,  7.81474337e-02, -1.06374606e-01],
   [ 2.12810878e-02, -3.39537144e-01,  6.13362109e-03, ...,
    -1.36316732e-01,  6.05952751e-04,  1.02844164e-01],
   ...,
   [-1.21440195e-01, -2.16167256e-01, -1.71115145e-01, ...,
    -9.02966857e-02, -7.53057972e-02, -4.12040204e-02],
   [ 4.00032476e-02,  1.97473634e-02, -2.95637637e-01, ...,
     7.39235282e-02, -3.91200669e-02, -3.08854263e-02],
   [-5.80247901e-02,  4.15705413e-01,  7.73172528e-02, ...,
    -2.62196898e-01, -6.01036623e-02, -1.77636877e-01]],

  [[-8.28040615e-02,  2.64563579e-02,  4.75963429e-02, ...,
     1.05015397e-01,  1.95703413e-02, -1.47441057e-02],
   [-7.00564757e-02,  2.02568769e-02,  1.96637109e-01, ...,
     3.11310738e-02,  2.72120778e-02, -8.89840499e-02],
   [ 2.32185796e-01, -3.48235518e-01, -3.64981115e-01, ...,
     1.31678805e-02, -7.52076209e-02,  6.08777925e-02],
   ...,
   [ 1.43551175e-02,  2.41093785e-02, -6.07716702e-02, ...,
    -5.78938723e-02, -1.11096434e-01,  2.27022663e-01],
   [-1.00869738e-01, -3.56363989e-02, -1.91646412e-01, ...,
    -5.35716936e-02, -3.99143584e-02,  1.51836023e-01],
   [-3.23996469e-02,  2.48392865e-01,  1.17106430e-01, ...,
     1.92336336e-01,  7.04953820e-02,  1.07843699e-02]]]]

